    2    3    1
    4       0.5        5.        0.       10.       10.
    5       0.5        5.        0.       10.       10.
    6       0.5        5.        0.       10.       10.
    7       0.5        5.        0.       10.       10.
    8       0.5        2.       0.5       20.       10.
    9       0.5        2.       0.5       20.       10.
   12       0.5        2.        1.       25.       10.
   13       0.2        1.        1.       25.       10.
   14       0.2        1.        1.       25.       10.
   15       0.2        1.        1.       25.       10.
   16       0.2        1.        1.       25.       10.
   17       0.2        1.        1.       25.       10.
   18       0.2        1.        1.       25.       10.
%
123456789-123456789-123456789-123456789-123456789-123456789-


