 Wavenumbers:   10.0 - 3250.0 cm-1, ATM      1
 LEVEL    PRESSURE   UPWARD FLUX   DOWNWARD FLUX    NET FLUX       HEATING RATE
             mb          W/m2          W/m2           W/m2          degree/day
  31        0.7978     345.7639        0.0000       345.7639403            0.00000
  30        1.491      345.5208        1.2438       344.2770049          -18.10223
  29        2.871      345.0882        2.2034       342.8848203           -8.51366
  28        5.746      344.5944        3.1872       341.4072204           -4.33728
  27       10.02       344.3752        4.2435       340.1316660           -2.51862
  26       22.96       344.5917        6.0749       338.5168699           -1.05336
  25       52.59       345.9220        8.9413       336.9807431           -0.43745
  24       62.01       346.2961        9.3426       336.9535601           -0.02436
  23       73.21       347.1755        9.7166       337.4589097            0.38067
  22       86.49       348.0844       10.4226       337.6617766            0.12895
  21      102.0        348.6354       10.8461       337.7893117            0.06939
  20      120.6        349.9265       11.4570       338.4695624            0.30804
  19      141.8        351.6567       13.0237       338.6329785            0.06514
  18      166.0        353.6004       14.9672       338.6331892            0.00007
  17      193.6        355.6355       17.6927       337.9427507           -0.21113
  16      225.0        357.1689       20.1349       337.0339965           -0.24418
  15      261.2        359.5495       22.4687       337.0807843            0.01093
  14      302.4        362.9996       26.1322       336.8674056           -0.04369
  13      348.6        366.7815       30.8803       335.9011887           -0.17622
  12      400.9        371.1254       36.1601       334.9652910           -0.15127
  11      459.1        375.7169       42.7821       332.9348368           -0.29425
  10      524.2        380.3700       49.7711       330.5989251           -0.30292
   9      596.9        386.0496       58.2874       327.7622272           -0.32931
   8      677.4        391.3717       67.7900       323.5816888           -0.43795
   7      766.7        397.2037       78.7725       318.4312204           -0.48674
   6      815.0        400.5477       85.0584       315.4892902           -0.51435
   5      865.4        403.9181       92.3597       311.5584109           -0.65849
   4      891.5        405.2984       96.3031       308.9953183           -0.82912
   3      918.2        406.3356      100.1769       306.1586869           -0.89500
   2      948.5        406.7500      104.6303       302.1196851           -1.12647
   1      966.8        406.3397      106.0905       300.2492013           -0.86225
   0      973.6        406.2213      106.5797       299.6415589           -0.75080

  Modules and versions used in this calculation:

       rrtmg_lw.1col.f90:  $Revision: 33223 $            rrtmg_lw_init.f90:  $Revision: 33223 $
     rrtmglw_cldprop.f90:  $Revision: 33223 $          rrtmglw_cldprmc.f90:  NOT USED          
       rrtmg_lw_rtrn.f90:  NOT USED                    rrtmg_lw_rtrnmr.f90:  $Revision: 33223 $
     rrtmg_lw_rtrnmc.f90:  NOT USED                    rrtmglw_setcoef.f90:  $Revision: 33223 $
     rrtmg_lw_taumol.f90:  $Revision: 33223 $                     rrtatm.f:  NOT USED          
              util_xxx.f:  NOT USED                                extra.f:  NOT USED          
        rrtmg_lw_k_g.f90:  $Revision: 33223 $
