 Wavenumbers:   10.0 - 3250.0 cm-1, ATM      1
 LEVEL    PRESSURE   UPWARD FLUX   DOWNWARD FLUX    NET FLUX       HEATING RATE
             mb          W/m2          W/m2           W/m2          degree/day
  51         .06700    244.4315        0.0000       244.4315410            0.00000
  50         .07753    244.4404        0.0373       244.4030422          -22.84226
  49         .09103    244.4512        0.0572       244.3940160           -5.64159
  48        0.1069     244.4632        0.0799       244.3833072           -5.70037
  47        0.1255     244.4762        0.1062       244.3700312           -6.01870
  46        0.1487     244.4910        0.1394       244.3516531           -6.69900
  45        0.1794     244.5091        0.1829       244.3261966           -6.98843
  44        0.2165     244.5285        0.2336       244.2948867           -7.12245
  43        0.2613     244.5479        0.2934       244.2544823           -7.61605
  42        0.3336     244.5713        0.3896       244.1817546           -8.47934
  41        0.4307     244.5927        0.5140       244.0786163           -8.96764
  40        0.5894     244.6002        0.7165       243.8836898          -10.36594
  39        1.339      244.4260        1.6011       242.8248969          -11.92009
  38        1.782      244.2434        2.0122       242.2311752          -11.30350
  37        2.292      244.0518        2.3938       241.6580003           -9.49327
  36        2.964      243.8320        2.7952       241.0367339           -7.79877
  35        3.853      243.5795        3.2248       240.3546801           -6.47282
  34        5.035      243.2960        3.7099       239.5860599           -5.49070
  33        6.613      242.9858        4.2915       238.6942367           -4.76769
  32        8.786      242.6600        4.9863       237.6736796           -3.96347
  31       11.80       242.3303        5.8304       236.4999021           -3.28621
  30       15.07       242.0779        6.5939       235.4839735           -2.62293
  29       18.79       241.8938        7.3401       234.5537129           -2.10919
  28       23.16       241.7888        8.1511       233.6376783           -1.77131
  27       28.12       241.7254        9.0191       232.7062805           -1.58331
  26       33.73       241.7048        9.9071       231.7977124           -1.36606
  25       40.54       241.7129       10.8765       230.8364337           -1.19257
  24       48.69       241.7669       11.8885       229.8784145           -0.99140
  23       57.69       241.8710       12.8395       229.0314937           -0.79386
  22       68.43       242.0447       13.7840       228.2607194           -0.60593
  21       81.20       242.2984       14.7195       227.5788351           -0.45058
  20       96.49       242.6676       15.6607       227.0069019           -0.31567
  19      114.6        243.2924       16.8018       226.4906795           -0.24104
  18      136.5        244.1156       18.1439       225.9717297           -0.19955
  17      162.9        246.5626       21.2399       225.3226979           -0.20746
  16      196.4        250.5591       26.1732       224.3858144           -0.23582
  15      218.7        254.0710       32.3783       221.6926468           -1.02250
  14      243.0        258.0346       41.1485       216.8860205           -1.66710
  13      269.0        262.5517       52.3457       210.2060471           -2.16695
  12      297.5        267.7173       64.9468       202.7705625           -2.20528
  11      328.5        277.9323       83.1561       194.7762345           -2.17364
  10      361.9        283.2977       95.2398       188.0578350           -1.69982
   9      398.1        289.2008      108.5643       180.6364634           -1.72901
   8      437.6        298.8708      134.2067       164.6641000           -3.41499
   7      480.5        308.5285      158.4859       150.0426525           -2.87160
   6      533.0        323.4214      195.1044       128.3170935           -3.49495
   5      589.8        339.4314      224.4421       114.9893081           -1.97828
   4      651.6        357.1666      252.1470       105.0196431           -1.36338
   3      718.7        377.2797      279.5472        97.7324982           -0.91579
   2      792.3        391.5723      302.5469        89.0254018           -0.99861
   1      891.5        407.6944      332.3570        75.3373897           -1.16478
   0     1013.0        424.7960      370.8855        53.9105713           -1.48777

  Modules and versions used in this calculation:

       rrtmg_lw.1col.f90:  $Revision: 33223 $            rrtmg_lw_init.f90:  $Revision: 33223 $
     rrtmglw_cldprop.f90:  NOT USED                    rrtmglw_cldprmc.f90:  $Revision: 33223 $
       rrtmg_lw_rtrn.f90:  NOT USED                    rrtmg_lw_rtrnmr.f90:  NOT USED          
     rrtmg_lw_rtrnmc.f90:  $Revision: 33223 $          rrtmglw_setcoef.f90:  $Revision: 33223 $
     rrtmg_lw_taumol.f90:  $Revision: 33223 $                     rrtatm.f:  NOT USED          
              util_xxx.f:  NOT USED                                extra.f:  NOT USED          
        rrtmg_lw_k_g.f90:  $Revision: 33223 $
