 Wavenumbers:   10.0 - 3250.0 cm-1, ATM      1
 LEVEL    PRESSURE   UPWARD FLUX   DOWNWARD FLUX    NET FLUX       HEATING RATE
             mb          W/m2          W/m2           W/m2          degree/day
  51         .06700    240.7762        0.0000       240.7762286            0.00000
  50         .07753    240.7851        0.0373       240.7477296          -22.84235
  49         .09103    240.7959        0.0572       240.7387033           -5.64169
  48        0.1069     240.8079        0.0799       240.7279942           -5.70049
  47        0.1255     240.8209        0.1062       240.7147179           -6.01885
  46        0.1487     240.8357        0.1394       240.6963393           -6.69919
  45        0.1794     240.8538        0.1829       240.6708819           -6.98867
  44        0.2165     240.8731        0.2336       240.6395707           -7.12274
  43        0.2613     240.8926        0.2934       240.5991645           -7.61641
  42        0.3336     240.9160        0.3896       240.5264328           -8.47980
  41        0.4307     240.9373        0.5140       240.4232877           -8.96822
  40        0.5894     240.9449        0.7165       240.2283468          -10.36671
  39        1.339      240.7705        1.6011       239.1694235          -11.92155
  38        1.782      240.5878        2.0122       238.5755738          -11.30594
  37        2.292      240.3960        2.3938       238.0021989           -9.49658
  36        2.964      240.1758        2.7952       237.3805754           -7.80325
  35        3.853      239.9227        3.2248       236.6978795           -6.47891
  34        5.035      239.6381        3.7099       235.9281535           -5.49860
  33        6.613      239.3261        4.2915       235.0345310           -4.77731
  32        8.786      238.9975        4.9863       234.0111818           -3.97432
  31       11.80       238.6634        5.8304       232.8330155           -3.29849
  30       15.07       238.4059        6.5939       231.8120510           -2.63593
  29       18.79       238.2159        7.3401       230.8757431           -2.12290
  28       23.16       238.1034        8.1511       229.9523082           -1.78562
  27       28.12       238.0313        9.0191       229.0121724           -1.59817
  26       33.73       238.0012        9.9071       228.0940771           -1.38038
  25       40.54       237.9983       10.8765       227.1218259           -1.20619
  24       48.69       238.0396       11.8885       226.1511047           -1.00454
  23       57.69       238.1305       12.8395       225.2909727           -0.80624
  22       68.43       238.2897       13.7840       224.5056977           -0.61733
  21       81.20       238.5292       14.7195       223.8096879           -0.45991
  20       96.49       238.8854       15.6607       223.2246815           -0.32288
  19      114.6        239.4958       16.8018       222.6940605           -0.24776
  18      136.5        240.3027       18.1439       222.1587517           -0.20584
  17      162.9        243.0119       21.2857       221.7262171           -0.13826
  16      196.4        247.1809       26.2639       220.9169881           -0.20369
  15      218.7        250.7702       32.5344       218.2358317           -1.01794
  14      243.0        254.7684       41.4160       213.3524226           -1.69373
  13      269.0        259.3120       52.7675       206.5445049           -2.20846
  12      297.5        264.4455       65.5418       198.9036705           -2.26619
  11      328.5        274.1607       83.9666       190.1940381           -2.36812
  10      361.9        279.4950       96.0126       183.4823821           -1.69812
   9      398.1        285.3561      109.2993       176.0568387           -1.72998
   8      437.6        295.7746      134.4543       161.3203634           -3.15075
   7      480.5        306.0835      158.7323       147.3512128           -2.74349
   6      533.0        322.2415      196.3505       125.8910404           -3.45226
   5      589.8        338.9673      227.3639       111.6033930           -2.12076
   4      651.6        357.0915      257.3116        99.7798933           -1.61690
   3      718.7        377.2797      286.9346        90.3450922           -1.18569
   2      792.3        391.5723      308.6998        82.8725635           -0.85702
   1      891.5        407.6944      337.2331        70.4612737           -1.05614
   0     1013.0        424.7960      374.3282        50.4678583           -1.38825

  Modules and versions used in this calculation:

       rrtmg_lw.1col.f90:  $Revision: 33223 $            rrtmg_lw_init.f90:  $Revision: 33223 $
     rrtmglw_cldprop.f90:  NOT USED                    rrtmglw_cldprmc.f90:  $Revision: 33223 $
       rrtmg_lw_rtrn.f90:  NOT USED                    rrtmg_lw_rtrnmr.f90:  NOT USED          
     rrtmg_lw_rtrnmc.f90:  $Revision: 33223 $          rrtmglw_setcoef.f90:  $Revision: 33223 $
     rrtmg_lw_taumol.f90:  $Revision: 33223 $                     rrtatm.f:  NOT USED          
              util_xxx.f:  NOT USED                                extra.f:  NOT USED          
        rrtmg_lw_k_g.f90:  $Revision: 33223 $
