 Wavenumbers:   10.0 - 3250.0 cm-1, ATM      1
 LEVEL    PRESSURE   UPWARD FLUX   DOWNWARD FLUX    NET FLUX       HEATING RATE
             mb          W/m2          W/m2           W/m2          degree/day
  51         .06700    238.8509        0.0000       238.8508986            0.00000
  50         .07753    238.8597        0.0373       238.8223996          -22.84239
  49         .09103    238.8705        0.0572       238.8133732           -5.64174
  48        0.1069     238.8825        0.0799       238.8026640           -5.70055
  47        0.1255     238.8956        0.1062       238.7893875           -6.01892
  46        0.1487     238.9104        0.1394       238.7710087           -6.69928
  45        0.1794     238.9285        0.1829       238.7455509           -6.98879
  44        0.2165     238.9478        0.2336       238.7142391           -7.12288
  43        0.2613     238.9673        0.2934       238.6738320           -7.61657
  42        0.3336     238.9907        0.3896       238.6010985           -8.48001
  41        0.4307     239.0120        0.5140       238.4979506           -8.96848
  40        0.5894     239.0195        0.7165       238.3030037          -10.36703
  39        1.339      238.8451        1.6011       237.2440294          -11.92213
  38        1.782      238.6624        2.0122       236.6501325          -11.30684
  37        2.292      238.4705        2.3938       236.0766861           -9.49777
  36        2.964      238.2502        2.7952       235.4549385           -7.80481
  35        3.853      237.9968        3.2248       234.7720263           -6.48096
  34        5.035      237.7119        3.7099       234.0019383           -5.50119
  33        6.613      237.3993        4.2915       233.1077407           -4.78038
  32        8.786      237.0699        4.9863       232.0835156           -3.97772
  31       11.80       236.7344        5.8304       230.9039858           -3.30231
  30       15.07       236.4753        6.5939       229.8814565           -2.63997
  29       18.79       236.2834        7.3401       228.9432539           -2.12719
  28       23.16       236.1686        8.1511       228.0174634           -1.79018
  27       28.12       236.0936        9.0191       227.0744799           -1.60301
  26       33.73       236.0603        9.9071       226.1531790           -1.38520
  25       40.54       236.0536       10.8765       225.1770910           -1.21095
  24       48.69       236.0902       11.8885       224.2017054           -1.00937
  23       57.69       236.1760       12.8395       223.3364443           -0.81105
  22       68.43       236.3291       13.7840       222.5451784           -0.62204
  21       81.20       236.5625       14.7195       221.8429453           -0.46402
  20       96.49       236.9125       15.6607       221.2518412           -0.32625
  19      114.6        237.5155       16.8018       220.7137895           -0.25123
  18      136.5        238.3134       18.1439       220.1695046           -0.20929
  17      162.9        241.0147       21.2495       219.7651792           -0.12924
  16      196.4        245.2086       26.1977       219.0109689           -0.18984
  15      218.7        248.8525       32.4911       216.3614031           -1.00594
  14      243.0        252.8575       41.3881       211.4693840           -1.69671
  13      269.0        257.4336       52.8017       204.6318598           -2.21806
  12      297.5        262.6205       65.6344       196.9860687           -2.26766
  11      328.5        272.8716       84.2462       188.6254136           -2.27324
  10      361.9        278.1959       96.2736       181.9223252           -1.69595
   9      398.1        284.0433      109.5502       174.4930458           -1.73086
   8      437.6        294.7156      134.7538       159.9618850           -3.10685
   7      480.5        305.2685      159.2801       145.9883404           -2.74435
   6      533.0        321.8602      197.5680       124.2922050           -3.49022
   5      589.8        338.8116      229.2874       109.5241907           -2.19206
   4      651.6        357.0691      260.0910        96.9781864           -1.71570
   3      718.7        377.2797      290.3325        86.9472068           -1.26062
   2      792.3        391.5723      311.5121        80.0602538           -0.78986
   1      891.5        407.6944      339.3799        68.3144259           -0.99951
   0     1013.0        424.7960      375.7389        49.0571719           -1.33713

  Modules and versions used in this calculation:

       rrtmg_lw.1col.f90:  $Revision: 33223 $            rrtmg_lw_init.f90:  $Revision: 33223 $
     rrtmglw_cldprop.f90:  NOT USED                    rrtmglw_cldprmc.f90:  $Revision: 33223 $
       rrtmg_lw_rtrn.f90:  NOT USED                    rrtmg_lw_rtrnmr.f90:  NOT USED          
     rrtmg_lw_rtrnmc.f90:  $Revision: 33223 $          rrtmglw_setcoef.f90:  $Revision: 33223 $
     rrtmg_lw_taumol.f90:  $Revision: 33223 $                     rrtatm.f:  NOT USED          
              util_xxx.f:  NOT USED                                extra.f:  NOT USED          
        rrtmg_lw_k_g.f90:  $Revision: 33223 $
