 Wavenumbers:   10.0 - 3250.0 cm-1, ATM      1
 LEVEL    PRESSURE   UPWARD FLUX   DOWNWARD FLUX    NET FLUX       HEATING RATE
             mb          W/m2          W/m2           W/m2          degree/day
  51         .06700    240.1241        0.0000       240.1241450            0.00000
  50         .07753    240.1330        0.0373       240.0956460          -22.84236
  49         .09103    240.1438        0.0572       240.0866197           -5.64171
  48        0.1069     240.1558        0.0799       240.0759106           -5.70051
  47        0.1255     240.1688        0.1062       240.0626342           -6.01887
  46        0.1487     240.1836        0.1394       240.0442555           -6.69921
  45        0.1794     240.2017        0.1829       240.0187980           -6.98870
  44        0.2165     240.2211        0.2336       239.9874867           -7.12277
  43        0.2613     240.2405        0.2934       239.9470803           -7.61645
  42        0.3336     240.2639        0.3896       239.8743481           -8.47985
  41        0.4307     240.2853        0.5140       239.7712025           -8.96828
  40        0.5894     240.2928        0.7165       239.5762602          -10.36678
  39        1.339      240.1184        1.6011       238.5173250          -11.92169
  38        1.782      239.9357        2.0122       237.9234640          -11.30616
  37        2.292      239.7439        2.3938       237.3500714           -9.49688
  36        2.964      239.5236        2.7952       236.7284164           -7.80365
  35        3.853      239.2705        3.2248       236.0456641           -6.47944
  34        5.035      238.9858        3.7099       235.2758418           -5.49929
  33        6.613      238.6736        4.2915       234.3820639           -4.77814
  32        8.786      238.3448        4.9863       233.3584754           -3.97525
  31       11.80       238.0103        5.8304       232.1799359           -3.29954
  30       15.07       237.7524        6.5939       231.1585453           -2.63703
  29       18.79       237.5618        7.3401       230.2217272           -2.12405
  28       23.16       237.4488        8.1511       229.2976681           -1.78683
  27       28.12       237.3759        9.0191       228.3567931           -1.59942
  26       33.73       237.3450        9.9071       227.4378862           -1.38160
  25       40.54       237.3412       10.8765       226.4646884           -1.20736
  24       48.69       237.3813       11.8885       225.4928444           -1.00571
  23       57.69       237.4710       12.8395       224.6315001           -0.80738
  22       68.43       237.6288       13.7840       223.8448232           -0.61843
  21       81.20       237.8669       14.7195       223.1473642           -0.46087
  20       96.49       238.2216       15.6607       222.5609423           -0.32366
  19      114.6        238.8301       16.8018       222.0283833           -0.24867
  18      136.5        239.6346       18.1439       221.4907315           -0.20674
  17      162.9        242.3323       21.2677       221.0645235           -0.13623
  16      196.4        246.5059       26.2289       220.2770064           -0.19823
  15      218.7        250.1041       32.4780       217.6260277           -1.00648
  14      243.0        254.1204       41.3446       212.7758919           -1.68219
  13      269.0        258.7072       52.7158       205.9913905           -2.20086
  12      297.5        263.9001       65.5162       198.3838773           -2.25631
  11      328.5        274.1607       83.9992       190.1614824           -2.23565
  10      361.9        279.4950       96.0433       183.4517064           -1.69764
   9      398.1        285.3561      109.3339       176.0221819           -1.73091
   8      437.6        295.7746      134.8183       160.9563244           -3.22117
   7      480.5        306.0835      159.2482       146.8352900           -2.77332
   6      533.0        322.2415      197.0432       125.1983615           -3.48069
   5      589.8        338.9673      228.0262       110.9411856           -2.11623
   4      651.6        357.0915      257.8690        99.2224753           -1.60257
   3      718.7        377.2797      287.3753        89.9043735           -1.17103
   2      792.3        391.5723      309.0781        82.4942460           -0.84986
   1      891.5        407.6944      337.5315        70.1628219           -1.04934
   0     1013.0        424.7960      374.5285        50.2675256           -1.38143

  Modules and versions used in this calculation:

       rrtmg_lw.1col.f90:  $Revision: 33223 $            rrtmg_lw_init.f90:  $Revision: 33223 $
     rrtmglw_cldprop.f90:  NOT USED                    rrtmglw_cldprmc.f90:  $Revision: 33223 $
       rrtmg_lw_rtrn.f90:  NOT USED                    rrtmg_lw_rtrnmr.f90:  NOT USED          
     rrtmg_lw_rtrnmc.f90:  $Revision: 33223 $          rrtmglw_setcoef.f90:  $Revision: 33223 $
     rrtmg_lw_taumol.f90:  $Revision: 33223 $                     rrtatm.f:  NOT USED          
              util_xxx.f:  NOT USED                                extra.f:  NOT USED          
        rrtmg_lw_k_g.f90:  $Revision: 33223 $
